time,x,y,z,phi,theta,psi,x_velocity,y_velocity,z_velocity,phi_velocity,theta_velocity,psi_velocity,rotor_speed1,rotor_speed2,rotor_speed3,rotor_speed4
0.06,5.3935822183e-08,-7.09104612398e-08,9.99875404573,6.28300202134,6.28307356902,0.0,6.09281070665e-06,-9.1160734983e-06,-0.0415323088118,-0.00999691261836,-0.00587441248587,0.0,390.0816835634788,389.53282584329673,389.4973157627707,388.56140766211297
0.12000000000000001,4.51757256142e-06,-7.40777317875e-06,10.0021029109,6.28195347591,6.28230126183,0.0,0.000200839172148,-0.000322451949382,0.15315521908,-0.0398690210394,-0.0329965421056,0.0,466.1847229014029,464.0610211571359,467.9831888916038,465.65254269217013
0.18,4.12784470321e-05,-5.98260109959e-05,10.0133392057,6.27943866965,6.28020617358,0.0,0.00122246401724,-0.00166319789274,0.22137580522,-0.046351192843,-0.039067572507,0.0,427.2319575500405,426.7135196817859,426.76903659629613,426.2144499126192
0.23999999999999996,0.000190346666603,-0.000253091210915,10.0311771043,6.27744943125,6.27742256966,0.0,0.00401989014757,-0.00503141757255,0.37318059517,-0.0149705039795,-0.0680273996276,0.0,454.3798977715684,452.05119529668946,451.7471989231852,454.26948924633894
0.3,0.000548065984203,-0.000660403413319,10.053805098,6.27677533015,6.27287693097,0.0,0.00827800215156,-0.00861431795458,0.381080066241,-0.0046515059785,-0.0994341766085,0.0,408.6710195423981,405.85674098224075,405.8554218575956,406.78048048536726
0.36000000000000004,0.00130079329298,-0.00132269963437,10.0815036384,6.27626699503,6.26741073968,0.0,0.0174427875619,-0.013503970405,0.542133402986,-0.0174867244649,-0.0782066173511,0.0,455.16934068325895,456.857754401613,456.61691305750423,455.5921034096412
0.4200000000000001,0.00280878007015,-0.00232830240786,10.1240885948,6.27612239185,6.26258074018,0.0,0.0334708945446,-0.0200823672789,0.877157344726,0.0175275119431,-0.0855307498292,0.0,506.1943683160566,505.66272795054954,505.62341642374105,508.13935570000945
0.48000000000000015,0.00528943070818,-0.00368313789422,10.1809770224,6.2776734659,6.25754355756,0.0,0.0497648401212,-0.0249331117669,1.0189958274,0.0387452821454,-0.080972753041,0.0,450.07280738665366,450.4358385134514,450.5605600812399,452.2726091781345
0.5400000000000001,0.00892601280611,-0.00530379789978,10.2489718223,6.27986510964,6.25273010222,0.0,0.0720335945555,-0.0288140255033,1.24726125611,0.0316762694974,-0.0787686541067,0.0,477.19827275490553,477.36177520509426,476.99607510682057,476.45650263577375
0.6000000000000002,0.0139236676102,-0.00709648848954,10.3277070218,6.28193502793,6.24769446928,0.0,0.0950664813587,-0.0307300802562,1.3770807569,0.0396168118056,-0.0970087897004,0.0,449.21582886026215,447.7285784230504,447.0629328792987,447.70988095686624
0.6600000000000003,0.0202493853893,-0.00895409428505,10.4096685233,0.00112980390794,6.24162399766,0.0,0.116289036214,-0.0309905415297,1.3549761464,0.0397703102994,-0.111169229283,0.0,399.1250498646873,397.82037933835466,398.2768318744127,398.2918674551253
0.7200000000000003,0.0279331127548,-0.0107875408909,10.4898079595,0.00364984361444,6.23492620339,0.0,0.140381303784,-0.0299241853991,1.31635811074,0.0461237555601,-0.112566680268,0.0,393.5240950396783,393.3819052351915,391.37349285288786,391.9655432718486
0.7800000000000004,0.0374109812041,-0.0124936581995,10.5724309138,0.00697905657862,6.22771258758,0.0,0.176265516067,-0.0266218959386,1.43755441159,0.069610253428,-0.143501364461,0.0,447.62194512582624,445.0839349174444,443.8690491396305,445.79411506372696
0.8400000000000004,0.0490430507211,-0.013947278411,10.6595215364,0.0106223611904,6.21923342117,0.0,0.212247027422,-0.0214636117528,1.46537866071,0.0296466966283,-0.13728271966,0.0,415.5762646266852,416.10083045663765,417.5941198264718,414.09627062661207
0.9000000000000005,0.0634358028123,-0.0149574572926,10.7550948457,0.0127725788939,6.21163580607,0.0,0.268468294553,-0.0119655293336,1.71997529584,0.0459894452541,-0.111062709826,0.0,485.6245898810209,487.57364381509933,484.9985474863682,486.22477200538344
0.9600000000000005,0.0811775135165,-0.0153776087601,10.8630505843,0.0156003926431,6.20464744806,0.0,0.323653194114,-0.00173454286067,1.87823428572,0.0493187087328,-0.130394512471,0.0,458.4950477324404,456.94469658253115,459.23521064952837,459.5004465648123
1.0200000000000005,0.102398252687,-0.0151183941059,10.980576762,0.0186858360878,6.19691342071,0.0,0.384542748809,0.010705015979,2.0389446579,0.0553319727285,-0.126071147489,0.0,459.66385325955486,459.9917159226536,459.8833949494339,460.3610124428101
1.0800000000000005,0.127742182428,-0.0139769788606,11.1111176561,0.0219411993111,6.18963955638,0.0,0.461149961176,0.0277497707581,2.31179747275,0.052013283691,-0.112986299356,0.0,492.5096295805247,493.4646036064675,494.3228913673046,494.0799233412605
1.1400000000000006,0.157756805832,-0.011755910974,11.2568611232,0.0247197922878,6.18316731817,0.0,0.540089821927,0.046636106774,2.54571959404,0.0313487355521,-0.0992253183589,0.0,482.5819081534062,483.61015138912353,485.07869599765183,483.5255033357449
1.2000000000000006,0.192428840533,-0.00839682806847,11.4143116625,0.0267570039843,6.17709807305,0.0,0.616263887319,0.0655387231802,2.70217749025,0.0387104767376,-0.105317641665,0.0,461.143738632115,460.653773562403,462.7606927794206,463.3402221796743
1.2600000000000007,0.231539148235,-0.00392434587506,11.5786511245,0.0288551688854,6.17140509334,0.0,0.687968685368,0.0837548251516,2.77553473666,0.0261808327072,-0.0795570234169,0.0,436.4961402677171,438.63246882184757,437.01220823742716,435.9670994553242
1.3200000000000007,0.274941860389,0.0016496300921,11.7463481668,0.0301685816661,6.16625442186,0.0,0.75922353901,0.102174949202,2.81419031136,0.0115183875053,-0.102981200241,0.0,427.13532777295273,425.12622353639836,427.1427655207247,425.89054496424967
1.3800000000000008,0.322616807036,0.00832528200975,11.9154849563,0.0319060671559,6.16037510613,0.0,0.830458990885,0.120462163846,2.82358383005,0.0509059152313,-0.0895204137764,0.0,416.18415518771707,417.35163325010836,415.49318642018784,418.93241947123636
1.4400000000000008,0.374675754426,0.0161393301402,12.0852475517,0.0360632182271,6.15558460087,0.0,0.905267892223,0.140335241563,2.83504342419,0.0919760662545,-0.0653593479848,0.0,417.5616470454582,419.6582670991378,415.50697469143984,419.0956043666897
1.5000000000000009,0.431247977276,0.0252116346328,12.2552613502,0.0410374653411,6.15186272926,0.0,0.980786670803,0.1625399855,2.83199954864,0.0503098021768,-0.0560932711861,0.0,413.37137872486,414.1840130047883,414.71393844739725,411.04332612087126
1.560000000000001,0.493079751216,0.0359039835885,12.4301121626,0.043792710282,6.14891043475,0.0,1.08054319485,0.194173811326,2.99583760927,0.0352576777996,-0.0381233629687,0.0,466.579485403054,467.97885859977674,467.07902003305713,465.9047521826918
1.620000000000001,0.561208987905,0.0486364905393,12.6166471903,0.0468215022704,6.14662511436,0.0,1.1905967787,0.230533815339,3.22127769716,0.0705419042202,-0.0380194006088,0.0,486.8973888735326,486.90460570985414,484.0757932771982,486.7249139322469
1.680000000000001,0.635401473812,0.0634285254744,12.8124186649,0.0505746770167,6.14519433129,0.0,1.28259973348,0.262924895299,3.30411012147,0.0374699894745,-0.00473545314814,0.0,444.34019171306886,447.0603053748093,444.51876043191703,441.8028225172857
1.740000000000001,0.715372927855,0.0803204869039,13.0148867023,0.0523270278659,6.14454631409,0.0,1.38306951711,0.300342206808,3.4443387371,0.00247568013372,-0.0270966030201,0.0,463.47543948710086,461.7146553734506,464.6606232988594,461.9092224986296
1.8000000000000012,0.801116162722,0.0993853645937,13.2238314241,0.0521355662873,6.1426975965,0.0,1.47514102588,0.335137351677,3.52017790696,-0.0180287074033,-0.0395292185015,0.0,444.46702381562125,443.4465193794473,444.7542727152864,443.07168151644913
1.8600000000000012,0.891992275282,0.120373371979,13.4343294024,0.0508714418602,6.14064612833,0.0,1.55422194754,0.364363528978,3.49643333348,-0.0279720477921,-0.0252227176407,0.0,411.0212420105713,412.28666656447,412.2846358626935,411.405056069271
1.9200000000000013,0.987914252394,0.143187703499,13.6453082966,0.0493137622755,6.1391647035,0.0,1.64325910735,0.395951452932,3.53601335459,-0.0222164790612,-0.0236466418306,0.0,432.9525571949677,433.0850407283922,432.5198437967668,433.0041786075719
1.9800000000000013,1.08895181699,0.167785144976,13.8569638043,0.0481643734784,6.13839457365,0.0,1.72471306809,0.423855630788,3.51917687709,-0.0136486873042,0.00290924109056,0.0,414.4467989956165,416.7745288857467,412.97285660814754,413.72796128385534
2.0400000000000014,1.19537082413,0.194201022589,14.0709871059,0.0479516052529,6.13822802571,0.0,1.82249043932,0.456606539131,3.61458237121,0.0114218830117,-0.0176788667909,0.0,452.7567081500988,451.09719507497846,449.2455468290648,451.2739635142914
2.1000000000000014,1.30712719466,0.222408382823,14.2871203946,0.0490403596349,6.13742803031,0.0,1.90276270471,0.483713543851,3.5898855901,0.0290141268965,-0.00581519354694,0.0,411.58448474883585,412.6333031288702,412.3005221830165,413.85198416106823
2.1600000000000015,1.42438000985,0.252490305976,14.50637514,0.0504847606247,6.13699054829,0.0,2.00558984745,0.519161987341,3.71811115243,0.01169286302,-0.0104205511185,0.0,461.89880742476663,461.53556404544986,462.9101881423769,461.5451217481446
2.2200000000000015,1.54884759683,0.28508383107,14.740396401,0.0508333532848,6.13636784093,0.0,2.14316984423,0.567295113107,4.08122388829,-0.00981014162226,-0.0102943977865,0.0,528.5907288076218,528.5995661620184,531.9911143019335,530.5165901509173
2.2800000000000016,1.68008871707,0.32005750533,14.9861515491,0.0504248401461,6.13557827549,0.0,2.2315241622,0.598435629756,4.11044691931,-0.00139528916765,-0.019612932706,0.0,435.6335164361565,434.8536446092922,433.8483577230243,434.5544892895333
2.3400000000000016,1.8175832708,0.357212523352,15.2400011771,0.0499896459266,6.13418664898,0.0,2.35158370981,0.639981365538,4.35018555921,-0.0227805934871,-0.0315400684677,0.0,499.4494754357118,498.5787576090185,499.6258002008208,498.06417560159736
2.4000000000000017,1.96173296596,0.39665214613,15.5044107591,0.0482109340568,6.13269999136,0.0,2.45344778874,0.674481909458,4.46292531202,-0.0491780198342,-0.0138593638551,0.0,462.43026550105515,463.82096287485854,465.1102803858146,463.03766812361965
2.4600000000000017,2.1120267274,0.438121413326,15.7756863177,0.0450860429391,6.13203511966,0.0,2.55628119856,0.707476550617,4.57905361,-0.0586308154836,-0.00603504193844,0.0,465.03114124592923,465.6438288345103,466.46356207487713,465.72306435166763
2.520000000000002,2.26800279231,0.481358043721,16.0507310511,0.0415145884453,6.13160449873,0.0,2.64288046362,0.733417377914,4.58902411336,-0.0613729527228,-0.00956485884956,0.0,433.80375904039977,433.5073233653298,433.20645221568407,432.9731850515181
2.580000000000002,2.42898103755,0.526034130493,16.3251372153,0.0379702721355,6.13108037529,0.0,2.72305600064,0.75548175496,4.55794303785,-0.0548287106745,-0.00712600105494,0.0,419.44726394102497,419.659160937617,419.99300785311857,420.55762988368787
2.640000000000002,2.59472347271,0.571963945693,16.5974088776,0.034655099915,6.13054437244,0.0,2.80168366164,0.775239554014,4.51791238643,-0.0561146241094,-0.0128181844939,0.0,416.7528587015045,416.25506436929345,416.88801437233184,416.7733457434431
2.700000000000002,2.7656111641,0.619118342423,16.8700839367,0.0315017166644,6.13032991822,0.0,2.89450359244,0.796246509611,4.57098834626,-0.0462528469693,0.0104158511621,0.0,445.97570463316765,447.86971837838223,446.55322001485644,447.355249525093
2.760000000000002,2.94270036276,0.667602774482,17.1501469206,0.028521415902,6.13074771044,0.0,3.00819535957,0.819534382543,4.76357804963,-0.0575749980043,-0.00103511674549,0.0,489.7220861272072,488.86939426366183,490.48881182726694,489.6458136001395
2.820000000000002,3.12570499861,0.717249582086,17.4360188994,0.0247330911358,6.13070708143,0.0,3.09188064092,0.835034914878,4.76545043129,-0.0776022506589,2.94011855639e-05,0.0,432.9653305239281,433.0549123700799,433.601876109801,431.9126591663139
2.880000000000002,3.31412588732,0.76781725675,17.7246749225,0.0201296744711,6.13090814744,0.0,3.18865703598,0.850067764483,4.85598392305,-0.0750227899364,0.00928156864331,0.0,461.3067113128423,462.03677276847145,460.37309866144716,460.57274693263315
2.940000000000002,3.50821680199,0.819177080028,18.0180209953,0.0153214318503,6.13129766782,0.0,3.28085931975,0.861461394349,4.92190135011,-0.0930745570082,0.000229861982931,0.0,455.31829083394297,454.5933421294798,454.44284046585614,452.9881408717366
3.000000000000002,3.70790096011,0.87112814113,18.3158707211,0.0100121915553,6.13115182428,0.0,3.37513758789,0.869682291504,5.00600409032,-0.0806128119553,-0.00836840489286,0.0,460.9409878112984,460.2609349960302,460.18875792208934,461.1679929236297
3.0600000000000023,3.91286844697,0.923444631984,18.6164113408,0.00565153889438,6.13095610782,0.0,3.45704884582,0.873789079173,5.01195458498,-0.0602649668162,0.00537704812092,0.0,436.55631182373367,437.70200591432507,435.71928165382974,437.4130047098301
3.1200000000000023,4.12363004895,0.975960981326,18.9231493882,0.00224160105071,6.1309482904,0.0,3.56807409474,0.876335263005,5.21165072207,-0.0507275643542,-0.0144079729283,0.0,497.0409559787935,495.58866129574847,495.08060312632233,495.78006815384794
3.1800000000000024,4.34069707789,1.02854662179,19.2396301494,6.28197147172,6.13023024348,0.0,3.66738905115,0.876175155295,5.33702058763,-0.0771088916227,-0.00748574973299,0.0,476.513268669226,477.04235664852143,476.5904703547979,474.5671830915986
3.2400000000000024,4.56328346688,1.08104751791,19.5608064567,6.2780018871,6.12924567168,0.0,3.75209236491,0.873458576724,5.36864728759,-0.0502723069183,-0.0477948125937,0.0,451.0393454260138,447.77133445852354,447.1268867614571,449.3048199050733
3.3000000000000025,4.79108034502,1.13331073433,19.8846365302,6.27460427474,6.12678729684,0.0,3.84125585221,0.868344532213,5.4252817691,-0.0740347670243,-0.0299777916681,0.0,455.8896990704522,457.31046485803523,458.67020852553486,456.7764906876239
3.3600000000000025,5.02454457186,1.1851778719,20.2136888189,6.26990921043,6.12457551584,0.0,3.94089826625,0.860084575852,5.54241618038,-0.0883968049978,-0.0564838781422,0.0,477.09039190360824,475.0612389172759,477.2160883554035,476.11382385750505
3.4200000000000026,5.26373238097,1.23647109726,20.5479435315,6.2643662214,6.12135618188,0.0,4.03220589542,0.849171464614,5.59896694036,-0.101859685399,-0.0485283887646,0.0,459.3479164981187,459.97667395386173,459.80325075358843,458.72823402637556
3.4800000000000026,5.50818421651,1.2870293308,20.8840024447,6.25810099771,6.1191094484,0.0,4.11630960314,0.835554526062,5.6028614972,-0.110103550814,-0.0214120254583,0.0,442.8631593723384,445.0876077909205,443.93894915132057,443.25226541143627
3.5400000000000027,5.75810477659,1.3365917007,21.2227318662,6.25137747448,6.11788982988,0.0,4.21431829006,0.815866185198,5.68757314649,-0.116283621714,-0.0182408535113,0.0,468.81389104227117,469.06032034903586,469.7522700301019,469.2622621267891
3.6000000000000028,6.01400448704,1.38481540553,21.5671027019,6.24452920701,6.11674296385,0.0,4.31558239665,0.790896599826,5.79079516466,-0.110162152094,-0.0209213423675,0.0,475.7183591087776,475.5130958857543,475.95374920222656,476.4114381922708
3.660000000000003,6.27586808942,1.43142602744,21.9169717231,6.23768475524,6.11574184205,0.0,4.41312718605,0.762141125192,5.87095987317,-0.123336555738,-0.00933291508986,0.0,468.9630282527906,469.86257561804365,471.6809386512761,470.6512858689364
3.720000000000003,6.54321911836,1.47626982469,22.2695107762,6.23010703953,6.11460640255,0.0,4.49850677204,0.731988191279,5.88020922327,-0.132981190068,-0.0571794237836,0.0,452.1915542292746,448.31947264451816,448.9557124275387,448.1578600546947
3.780000000000003,6.81582921248,1.51912586727,22.623330563,6.22250631894,6.11113166331,0.0,4.58867849803,0.695844759481,5.91340708968,-0.116381426007,-0.0594192965261,0.0,456.8586747942658,456.67778426336565,457.24836073725635,458.5548787651443
3.840000000000003,7.09310361134,1.55995663887,22.9745836249,6.21612941509,6.10760439242,0.0,4.65405812543,0.664685399949,5.79552419808,-0.0913276855438,-0.0575544711162,0.0,408.7356386747667,408.8991036196327,406.68198490790223,408.90909377201905
3.900000000000003,7.37418619738,1.59888781012,23.3179348064,6.21076883172,6.10421894687,0.0,4.71561648579,0.632623212008,5.65015501549,-0.0856455408939,-0.0542549706269,0.0,397.7608577317809,398.0604160748549,396.64055400031475,397.15447665023373
3.960000000000003,7.65938859687,1.63566431032,23.6547570159,6.2054065271,6.10086223046,0.0,4.79133456869,0.592848223725,5.57746356605,-0.0981137131693,-0.0595588635908,0.0,421.8719705266163,421.41132217777215,421.59040737772705,420.5042163700179
4.020000000000002,7.94964334346,1.66976808826,23.9897748147,6.19965803377,6.09785676942,0.0,4.88397315319,0.543452217109,5.58951823242,-0.0915586371925,-0.0358466685328,0.0,447.38506623845643,449.3102973334137,448.98866504753454,449.51255428548546
4.080000000000001,8.24533204269,1.70087642998,24.3246915601,6.19436737316,6.09555018828,0.0,4.97238386668,0.493048382022,5.57427815411,-0.0821567406311,-0.0442183693734,0.0,442.0297626063213,441.33842192180975,439.03781865574985,439.81077983020566
4.14,8.54613690768,1.7289706917,24.6576009634,6.18947059884,6.09288917437,0.0,5.05457109253,0.443035328527,5.52279092818,-0.0805474967418,-0.0446151887448,0.0,428.20364105856106,428.1686756971092,429.39265507292924,429.52353885774636
4.199999999999998,8.85190408932,1.75398229521,24.9874710751,6.18453724533,6.0907636319,0.0,5.13776332548,0.390295240827,5.47296160094,-0.0858003747111,-0.0215021574315,0.0,428.84881585611146,430.8073287578458,428.76362608672184,428.31123559917404
4.259999999999997,9.16302820617,1.77556812652,25.3161779128,6.17961027872,6.08945430858,0.0,5.23298744565,0.328816319843,5.48370418866,-0.0756162299745,-0.0224695864236,0.0,449.0393557707898,448.96084669232704,448.1938084296736,449.0154930420571
4.319999999999996,9.47933270144,1.79366251451,25.6428380885,6.17555721867,6.08769179435,0.0,5.31053493443,0.273990556164,5.40523237754,-0.0549773989921,-0.0490874588281,0.0,420.9442280036031,418.6334433875808,418.8292452672326,420.6169784434979
4.379999999999995,9.80170311928,1.80764613728,25.9718273014,6.17230617616,6.08449150118,0.0,5.43515606329,0.19190354341,5.55995242087,-0.0526433207171,-0.0635883818525,0.0,492.6075040977555,491.5322021967062,493.55278986969734,493.7234291292904
4.439999999999993,10.1304826097,1.81725445517,26.3045745422,6.1701746029,6.08053364058,0.0,5.52435994024,0.128191451814,5.5315078965,-0.0138437868667,-0.0711960569528,0.0,438.8489957330554,438.2135947259461,436.88286628505847,440.1058721277419
4.499999999999992,10.4640420245,1.82335340911,26.6326288407,6.17003338664,6.07585248612,0.0,5.5945791278,0.0750465498931,5.4040790321,0.0141138713791,-0.0973588114018,0.0,406.35314073081975,403.9944837543014,403.385822911058,405.90334475060894
4.559999999999991,10.8017366034,1.82633699658,26.9524409171,6.17085101352,6.07011229149,0.0,5.66230081304,0.0244237676028,5.2568240932,0.0126354198224,-0.092491978682,0.0,397.330475598407,397.767548294214,396.07845797159666,395.9423344127957
4.6199999999999894,11.1449559591,1.82557408822,27.2698418093,6.17184720638,6.0646745463,0.0,5.77862702029,-0.0496696461464,5.32249073825,0.0235463819333,-0.0871441648208,0.0,466.66371658971764,467.07459439268064,466.63526352787625,467.4863068566557
4.679999999999988,11.4948206741,1.82059936421,27.5893128608,6.17305841776,6.06007142049,0.0,5.8837692259,-0.115983765958,5.32620223399,0.0124405908438,-0.0614009591925,0.0,448.23964341016875,450.3224235175902,448.89799479647456,447.99564983966206
4.739999999999987,11.8507605049,1.81180648657,27.907754794,6.17358347458,6.05600432547,0.0,5.98105692263,-0.177038727522,5.28846042608,0.000103044793812,-0.0853069216979,0.0,437.5992499678479,435.6004266993301,435.87304943753793,434.84039454681937
4.799999999999986,12.2115246365,1.79985834837,28.2193975097,6.17383784453,6.05114941031,0.0,6.04476064116,-0.221296391381,5.10037856239,0.0114414631412,-0.0733320074801,0.0,382.5226048721652,383.6550908731081,382.28479090928994,383.3639387827724
4.859999999999984,12.5768638666,1.78492958876,28.522785525,6.17523898648,6.0471503018,0.0,6.13343003572,-0.276257891906,5.01275072397,0.0402541937235,-0.0558455189094,0.0,416.4528204716913,417.97617959615667,416.68216499121684,419.19416560527804
4.919999999999983,12.9474517958,1.76677492035,28.8205084232,6.17833565919,6.0438119913,0.0,6.21965633913,-0.328717841572,4.91165858548,0.0679339974161,-0.0552278335385,0.0,412.6692148886861,412.721398301651,410.79276841858723,413.24239212618363
4.979999999999982,13.3233434947,1.74547499724,29.1126363856,6.18293041041,6.04120186881,0.0,6.31016814716,-0.380970894272,4.82619332609,0.0898562147975,-0.0267938867261,0.0,416.12658390297355,418.6074037082649,415.8399528126343,417.7612435046708
5.0399999999999805,13.7045085136,1.72117590612,29.3990185836,6.18870363805,6.04048102293,0.0,6.39530731651,-0.428635739778,4.72032915312,0.106603253476,0.00765501017132,0.0,407.355552255301,410.4252491807983,408.80369045926994,410.30221980305726
