episode,score,pos_x,pos_y,pos_z,vel_x,vel_y,vel_z
1,8270.3028,-0.03,0.02,0.0,-0.33,0.23,-1.34
2,8270.3075,-0.03,0.02,0.0,-0.33,0.23,-1.34
3,8519.5088,-0.05,0.03,0.0,-0.98,0.42,-0.66
4,8519.5168,-0.05,0.03,0.0,-0.98,0.42,-0.66
5,8270.3138,-0.03,0.02,0.0,-0.33,0.23,-1.34
6,8270.3131,-0.03,0.02,0.0,-0.33,0.23,-1.34
7,8519.5033,-0.05,0.03,0.0,-0.98,0.42,-0.66
8,8403.5071,-0.04,0.02,0.0,-0.93,0.26,-0.91
9,11271.3241,-0.05,0.02,0.0,-0.97,0.27,-0.89
10,8403.5055,-0.04,0.02,0.0,-0.93,0.26,-0.91
11,8519.5073,-0.05,0.03,0.0,-0.98,0.42,-0.66
12,13837.7507,-0.12,0.06,0.0,-1.34,0.83,-1.19
13,8270.3097,-0.03,0.02,0.0,-0.33,0.23,-1.34
14,8519.5006,-0.05,0.03,0.0,-0.98,0.42,-0.66
15,8519.5058,-0.05,0.03,0.0,-0.98,0.42,-0.66
16,8270.3020,-0.03,0.02,0.0,-0.33,0.23,-1.34
17,8270.3071,-0.03,0.02,0.0,-0.33,0.23,-1.34
18,8519.5081,-0.05,0.03,0.0,-0.98,0.42,-0.66
19,8519.5089,-0.05,0.03,0.0,-0.98,0.42,-0.66
20,8270.3003,-0.03,0.02,0.0,-0.33,0.23,-1.34
21,8402.0501,-0.04,0.02,0.0,-0.92,0.25,-0.92
22,25940.8784,-0.1,-0.1,0.0,-1.06,-0.49,-2.68
23,10909.5868,0.0,-0.06,0.0,0.01,-0.42,-1.44
24,11127.5476,-0.02,-0.01,0.0,-0.35,-0.44,-1.2
25,15604.1525,-0.17,0.29,0.0,-1.2,1.18,-1.71
26,8578.9202,-0.0,0.07,0.0,-0.03,0.83,-0.45
27,8191.4282,-0.0,0.09,0.0,-0.11,1.07,-0.94
28,8005.7882,-0.01,0.02,0.0,-0.3,-0.73,-1.67
29,5748.5157,-0.0,0.03,0.0,-0.02,0.32,-0.29
30,7935.8419,-0.01,0.06,0.0,-0.21,0.77,-1.67
31,5822.5052,-0.0,0.06,0.0,-0.05,0.56,-0.21
32,5614.8023,-0.0,0.08,0.0,-0.05,1.7,-0.35
33,4940.4661,0.0,0.07,0.0,0.0,1.15,-2.78
34,4850.3215,0.0,0.03,0.0,0.0,0.15,-2.97
35,2871.9032,0.0,0.01,0.0,0.0,0.52,-0.43
36,2861.6545,-0.0,0.01,0.0,-0.0,0.47,-0.5
37,2848.9047,-0.0,0.01,0.0,-0.0,0.39,-0.57
38,2829.3722,-0.0,0.01,0.0,-0.0,0.29,-0.62
39,2814.2830,-0.0,0.01,0.0,-0.0,0.18,-0.63
40,2805.2482,-0.0,0.01,0.0,-0.0,0.07,-0.62
41,2803.1536,-0.0,0.01,0.0,-0.0,-0.03,-0.57
42,2807.7011,-0.0,0.0,0.0,-0.0,-0.11,-0.48
43,2817.1489,-0.0,0.0,0.0,-0.0,-0.15,-0.38
44,2828.5614,-0.0,0.0,0.0,-0.0,-0.15,-0.27
45,2838.3059,-0.0,0.0,0.0,-0.0,-0.1,-0.18
46,2842.9588,-0.0,-0.0,0.0,-0.0,-0.01,-0.14
47,2840.0991,-0.0,-0.0,0.0,-0.0,0.08,-0.15
48,2830.2404,-0.0,-0.0,0.0,-0.0,0.15,-0.22
49,2816.1122,-0.0,-0.0,0.0,-0.0,0.17,-0.33
50,2802.5111,-0.0,-0.01,0.0,-0.0,0.13,-0.45
51,2795.1006,-0.0,-0.01,0.0,-0.0,0.02,-0.56
52,2798.9840,-0.0,-0.01,0.0,-0.0,-0.15,-0.63
53,5619.3636,-0.0,-0.01,0.01,-0.04,-0.34,0.32
54,5445.7883,-0.0,-0.01,0.0,-0.04,0.42,-0.19
55,5174.5713,-0.0,-0.04,0.0,-0.05,0.3,-0.91
56,5089.1476,-0.0,-0.08,0.0,-0.05,-0.31,-1.16
57,7422.1612,-0.01,-0.16,0.0,-0.13,-1.11,-1.86
58,12579.7516,-0.03,-0.31,0.0,-0.35,-0.21,-2.3
59,15945.2807,-0.08,-0.43,0.0,-0.56,-1.87,-1.1
60,15907.2178,-0.05,-0.45,0.0,-0.37,-1.94,-1.09
61,7419.3830,-0.0,-0.18,0.0,-0.04,-1.12,-1.75
62,5197.1616,-0.0,-0.06,0.0,-0.01,0.09,-0.68
63,5533.9072,-0.0,-0.03,0.0,-0.01,-0.26,0.11
64,5469.7328,-0.0,-0.04,0.0,-0.01,-0.64,-1.13
65,5557.4633,-0.0,-0.04,0.0,-0.01,-0.55,0.26
66,5045.4245,-0.0,0.06,0.0,-0.01,1.95,-2.13
67,11074.5345,-0.01,0.4,0.0,-0.15,0.83,-4.77
68,4614.2186,-0.0,0.12,0.0,-0.01,1.47,-3.15
69,6624.7377,-0.0,0.46,0.0,-0.04,5.41,-4.26
70,13714.3305,-0.04,4.32,0.0,-0.27,17.81,-6.3
71,81592.0090,-4.97,150.0,0.0,-5.15,879.7,-266.81
72,184331.9638,-2.12,24.43,125.42,-1.08,12.57,25.6
73,201405.8405,-0.66,4.78,127.92,-0.34,2.54,28.07
74,204572.2193,-0.25,1.32,128.02,-0.09,0.63,28.17
75,205341.9679,-0.35,0.64,128.02,-0.2,0.28,28.18
76,205880.8525,-0.15,0.22,128.03,-0.07,0.08,28.18
77,205848.4778,-0.12,0.41,128.03,-0.03,0.21,28.18
78,206007.8513,-0.18,0.32,128.03,-0.13,0.19,28.18
79,206200.0208,0.04,0.13,128.03,0.03,0.07,28.18
80,206124.3054,-0.05,0.11,128.03,0.01,0.03,28.18
81,206202.1168,0.13,0.08,128.03,0.13,0.05,28.18
82,206194.5744,0.12,0.17,128.03,0.1,0.11,28.18
83,206252.2694,0.08,0.12,128.03,0.06,0.09,28.18
84,206246.6221,-0.18,-0.17,128.03,-0.14,-0.14,28.18
85,206186.0479,0.1,0.29,128.03,0.09,0.21,28.18
86,206313.0561,-0.01,-0.07,128.03,-0.01,-0.04,28.18
87,206162.2176,-0.25,0.11,128.03,-0.15,0.07,28.18
88,206219.2566,-0.09,-0.1,128.03,-0.01,-0.1,28.18
89,206276.9095,-0.06,0.05,128.03,-0.01,0.07,28.18
90,206125.5730,-0.11,-0.27,128.03,-0.02,-0.18,28.18
91,206265.3117,-0.11,-0.08,128.03,-0.06,-0.04,28.18
92,206305.7037,0.02,0.2,128.03,0.03,0.16,28.18
93,206216.3177,0.36,0.05,128.03,0.31,0.02,28.18
94,206253.2025,-0.17,-0.1,128.03,-0.14,-0.08,28.18
95,206158.0875,-0.13,-0.21,128.03,-0.08,-0.12,28.18
96,206238.4722,-0.18,0.04,128.03,-0.12,0.03,28.18
97,206302.7870,0.08,0.07,128.03,0.08,0.05,28.18
98,206201.9435,-0.09,0.21,128.03,-0.04,0.17,28.18
99,206262.3975,-0.17,-0.0,128.03,-0.12,0.01,28.18
100,206333.2148,-0.02,0.04,128.03,-0.03,0.03,28.18
101,206263.0130,0.02,-0.18,128.03,0.0,-0.13,28.18
102,206170.2487,-0.26,0.12,128.03,-0.16,0.08,28.18
103,206294.3379,0.13,0.07,128.03,0.1,0.07,28.18
104,206185.5340,-0.02,-0.29,128.03,0.01,-0.21,28.18
105,206232.2320,0.16,-0.13,128.03,0.13,-0.07,28.18
106,206187.0223,-0.04,0.1,128.03,-0.0,0.03,28.18
107,206188.2889,-0.26,0.02,128.03,-0.17,0.04,28.18
108,206103.7890,-0.36,-0.02,128.03,-0.22,0.0,28.18
109,206195.4813,-0.19,-0.05,128.03,-0.13,-0.01,28.18
110,206093.5648,-0.19,0.15,128.03,-0.08,0.12,28.18
111,205762.3978,-0.7,-0.22,128.02,-0.44,-0.15,28.17
112,205594.6802,-0.69,0.12,128.02,-0.35,0.09,28.18
113,222204.2613,-2.82,-0.0,10.99,0.18,-0.0,-20.98
114,19791.5694,-0.63,0.0,0.0,-0.25,0.0,-3.71
115,19791.6672,-0.63,-0.0,0.0,-0.25,-0.0,-3.71
116,19791.6262,-0.63,-0.0,0.0,-0.25,-0.0,-3.71
117,19791.6571,-0.63,-0.0,0.0,-0.25,-0.0,-3.71
118,19791.6007,-0.63,0.0,0.0,-0.25,0.0,-3.71
119,19791.7935,-0.63,-0.0,0.0,-0.25,-0.0,-3.71
120,19791.6976,-0.63,0.0,0.0,-0.25,0.0,-3.71
121,19791.9212,-0.63,-0.0,0.0,-0.25,-0.0,-3.71
122,19792.1161,-0.63,-0.0,0.0,-0.24,-0.0,-3.71
123,19792.6420,-0.62,-0.0,0.0,-0.24,-0.0,-3.71
124,19794.1142,-0.62,0.0,0.0,-0.24,0.0,-3.71
125,19797.2938,-0.62,-0.0,0.0,-0.23,-0.0,-3.7
126,19800.9602,-0.61,-0.0,0.0,-0.23,-0.0,-3.7
127,19805.6769,-0.61,-0.0,0.0,-0.22,-0.0,-3.7
128,19813.9114,-0.6,-0.0,0.0,-0.21,-0.0,-3.7
129,19813.9114,-0.6,-0.0,0.0,-0.21,-0.0,-3.7
130,19817.0456,-0.6,-0.0,0.0,-0.21,-0.0,-3.7
131,19836.8597,-0.58,-0.0,0.0,-0.19,-0.0,-3.69
132,19918.2353,-0.52,-0.0,0.0,-0.11,-0.0,-3.67
133,20160.6573,-0.29,-0.0,0.0,0.16,-0.0,-3.67
134,15822.4480,0.41,-0.0,0.0,1.76,0.02,-0.84
135,5084.0435,0.08,-0.0,0.0,0.27,-0.0,-0.92
136,5264.3981,0.05,-0.0,0.0,-0.18,0.0,-0.48
137,5495.8205,0.03,0.0,0.0,0.01,0.01,0.12
138,8320.1855,0.05,0.0,0.0,0.01,0.01,-0.3
139,5644.5791,0.05,0.0,0.0,1.35,0.0,-0.21
140,5367.9261,0.05,-0.0,0.0,1.41,-0.0,-1.35
141,4926.6250,0.01,-0.0,0.0,-0.04,-0.0,-2.3
142,5285.5470,-0.05,-0.0,0.0,-1.7,-0.0,-0.93
143,8414.2821,-0.01,0.0,0.0,-1.54,0.0,-0.42
144,4631.3587,-0.1,-0.0,0.0,-0.68,-0.0,-3.23
145,6860.3441,-0.5,-0.0,0.0,-6.25,-0.0,-2.95
146,20706.7215,-15.22,-0.01,0.0,-26.82,-0.06,-11.92
147,260565.1914,-116.01,0.12,15.84,-24.36,0.06,-29.13
148,190870.5368,-20.17,-0.2,126.1,-10.52,-0.15,26.37
149,201194.3997,-6.01,0.02,127.86,-3.21,0.03,28.01
150,203188.7549,-3.57,-0.01,127.97,-1.99,-0.03,28.12
151,204336.8727,-2.02,0.17,128.01,-1.12,0.1,28.16
152,204903.3509,-1.65,-0.01,128.01,-0.93,-0.0,28.16
153,205311.1931,-0.81,0.27,128.02,-0.38,0.18,28.17
154,205467.1822,-1.09,-0.12,128.02,-0.66,-0.09,28.17
155,205712.3904,-0.61,0.1,128.03,-0.34,0.06,28.18
156,205908.8101,-0.22,0.22,128.03,-0.05,0.16,28.18
157,205955.0348,-0.31,0.16,128.03,-0.15,0.11,28.18
158,206059.8040,-0.19,0.02,128.03,-0.08,0.0,28.18
159,206058.5197,-0.2,0.06,128.03,-0.09,0.03,28.18
160,205969.0719,-0.3,0.18,128.03,-0.14,0.1,28.18
161,206035.6151,-0.29,0.19,128.03,-0.16,0.16,28.18
162,206034.4075,-0.36,0.1,128.03,-0.24,0.05,28.18
163,206250.8532,-0.08,-0.13,128.03,-0.06,-0.1,28.18
164,206133.9372,-0.14,0.16,128.03,-0.07,0.1,28.18
165,206086.4454,-0.35,-0.0,128.03,-0.21,-0.02,28.18
166,206276.8969,0.07,-0.2,128.03,0.06,-0.16,28.18
167,206236.7470,0.16,0.24,128.03,0.12,0.2,28.18
168,206256.8822,-0.06,-0.1,128.03,-0.03,-0.09,28.18
169,206176.7164,-0.22,0.18,128.03,-0.13,0.18,28.18
170,206222.9303,0.04,0.06,128.03,0.09,0.02,28.18
171,206204.4661,-0.07,0.22,128.03,-0.06,0.14,28.18
172,206267.4056,0.14,0.18,128.03,0.12,0.13,28.18
173,206217.2595,-0.03,-0.24,128.03,0.01,-0.18,28.18
174,206226.2150,-0.04,0.2,128.03,-0.03,0.1,28.18
175,206238.3626,-0.21,-0.01,128.03,-0.16,-0.01,28.18
176,206317.7103,0.13,-0.05,128.03,0.1,-0.07,28.18
177,206156.3320,-0.07,-0.25,128.03,-0.0,-0.16,28.18
178,206117.0090,-0.3,0.07,128.03,-0.19,0.05,28.18
179,206265.9889,0.14,0.07,128.03,0.12,0.05,28.18
180,206276.7309,0.11,-0.08,128.03,0.08,-0.04,28.18
181,206155.3677,-0.15,-0.29,128.03,-0.1,-0.23,28.18
182,206250.4249,0.14,0.04,128.03,0.1,0.06,28.18
183,206290.9769,0.01,0.12,128.03,0.02,0.08,28.18
184,206222.7804,-0.04,-0.16,128.03,0.01,-0.11,28.18
185,206251.9587,-0.11,-0.05,128.03,-0.04,-0.01,28.18
186,206236.6394,0.23,0.08,128.03,0.15,0.08,28.18
187,206133.0235,0.08,-0.31,128.03,0.03,-0.21,28.18
188,206077.4055,-0.26,0.27,128.03,-0.2,0.16,28.18
189,206161.1414,-0.05,-0.18,128.03,0.01,-0.11,28.18
190,206260.9325,0.06,-0.16,128.03,0.03,-0.1,28.18
191,206304.0262,0.01,0.14,128.03,0.01,0.1,28.18
192,206210.5863,-0.27,-0.04,128.03,-0.19,-0.03,28.18
193,206305.6278,0.07,0.06,128.03,0.05,0.07,28.18
194,206286.5138,0.02,0.05,128.03,0.01,0.06,28.18
195,206229.0219,-0.28,-0.1,128.03,-0.21,-0.08,28.18
196,206309.7646,0.11,-0.03,128.03,0.07,-0.03,28.18
197,206287.4878,-0.11,-0.08,128.03,-0.06,-0.05,28.18
198,206235.8272,-0.09,-0.2,128.03,-0.05,-0.14,28.18
199,206213.0112,0.18,-0.13,128.03,0.12,-0.1,28.18
200,206255.7733,0.22,0.03,128.03,0.17,0.03,28.18
201,206311.2991,0.01,0.15,128.03,0.01,0.11,28.18
202,206238.7455,0.17,0.04,128.03,0.12,0.05,28.18
203,206294.5223,0.04,-0.15,128.03,0.03,-0.12,28.18
204,206143.2564,-0.28,-0.02,128.03,-0.17,-0.01,28.18
205,206326.8135,-0.05,-0.04,128.03,-0.05,-0.03,28.18
206,206304.0423,0.05,0.02,128.03,0.02,0.02,28.18
207,206205.5954,0.05,0.19,128.03,0.02,0.1,28.18
208,206325.0133,-0.03,-0.03,128.03,-0.02,-0.03,28.18
209,206134.4707,-0.13,0.28,128.03,-0.08,0.16,28.18
210,206123.7137,0.21,0.34,128.03,0.14,0.27,28.18
211,206242.8320,0.12,-0.17,128.03,0.12,-0.12,28.18
212,206251.5785,0.14,0.04,128.03,0.09,0.02,28.18
213,206181.7275,0.17,0.03,128.03,0.11,0.01,28.18
214,206250.4126,-0.06,0.16,128.03,-0.04,0.12,28.18
215,206138.7764,-0.17,0.28,128.03,-0.12,0.19,28.18
216,206243.5271,-0.06,-0.13,128.03,-0.03,-0.08,28.18
217,206261.3808,0.04,-0.3,128.03,0.03,-0.23,28.18
218,206233.9491,0.1,-0.26,128.03,0.07,-0.2,28.18
219,206170.9931,0.15,0.14,128.03,0.09,0.06,28.18
220,206280.6526,-0.14,0.07,128.03,-0.13,0.03,28.18
221,206180.7425,-0.15,-0.26,128.03,-0.1,-0.18,28.18
222,206310.7388,0.14,-0.04,128.03,0.11,-0.02,28.18
223,206324.1742,-0.1,0.06,128.03,-0.09,0.06,28.18
224,206253.5834,-0.1,-0.22,128.03,-0.08,-0.17,28.18
225,206326.0557,-0.05,-0.03,128.03,-0.03,-0.0,28.18
226,206266.9125,0.1,0.02,128.03,0.03,0.0,28.18
227,206285.2393,-0.1,-0.06,128.03,-0.07,-0.04,28.18
228,206289.1553,0.22,0.03,128.03,0.19,0.05,28.18
229,206226.0665,-0.05,0.18,128.03,-0.04,0.11,28.18
230,206247.5016,0.09,0.03,128.03,0.03,0.02,28.18
231,206292.8324,0.06,0.03,128.03,0.02,0.04,28.18
232,206268.3431,-0.04,0.1,128.03,-0.04,0.08,28.18
233,206181.5692,-0.26,0.04,128.03,-0.19,0.02,28.18
234,206286.9787,-0.15,0.0,128.03,-0.13,-0.01,28.18
235,206258.1517,-0.07,0.03,128.03,-0.02,0.05,28.18
236,206134.2220,0.23,-0.26,128.03,0.17,-0.21,28.18
237,206204.0771,-0.21,0.06,128.03,-0.13,0.08,28.18
238,206283.4206,-0.06,0.14,128.03,-0.06,0.11,28.18
239,206174.9828,0.27,0.13,128.03,0.19,0.07,28.18
240,206317.4677,-0.08,-0.08,128.03,-0.06,-0.07,28.18
241,206208.9282,-0.27,-0.02,128.03,-0.21,-0.01,28.18
242,206301.5669,-0.08,0.05,128.03,-0.05,0.01,28.18
243,206226.9535,-0.11,-0.27,128.03,-0.09,-0.19,28.18
244,206161.6587,0.07,-0.41,128.03,0.08,-0.31,28.18
245,206238.5930,-0.07,-0.17,128.03,-0.03,-0.12,28.18
246,206299.6285,-0.02,0.03,128.03,0.0,0.05,28.18
247,206227.7216,-0.16,0.0,128.03,-0.12,-0.04,28.18
248,206290.7283,0.0,-0.01,128.03,0.03,0.02,28.18
249,206332.1974,-0.07,0.06,128.03,-0.06,0.05,28.18
250,206298.9142,-0.08,0.07,128.03,-0.06,0.04,28.18
251,206247.6121,0.16,0.0,128.03,0.12,0.02,28.18
252,206283.6914,0.14,-0.09,128.03,0.13,-0.07,28.18
253,206286.5077,-0.05,0.13,128.03,-0.06,0.09,28.18
254,206299.7437,0.13,-0.08,128.03,0.1,-0.06,28.18
255,206251.2179,-0.17,0.14,128.03,-0.16,0.1,28.18
256,206298.6331,0.11,-0.15,128.03,0.09,-0.11,28.18
257,206286.6453,-0.06,-0.15,128.03,-0.06,-0.13,28.18
258,206288.1348,-0.13,0.01,128.03,-0.07,0.0,28.18
259,206300.8416,-0.06,-0.12,128.03,-0.04,-0.1,28.18
260,206266.1256,0.11,-0.01,128.03,0.06,-0.05,28.18
261,206291.3239,-0.27,0.02,128.03,-0.24,0.01,28.18
262,206321.9623,-0.08,0.07,128.03,-0.05,0.05,28.18
263,206277.5792,0.12,0.14,128.03,0.09,0.1,28.18
264,206214.1879,-0.15,-0.11,128.03,-0.12,-0.03,28.18
265,206284.3455,-0.11,-0.02,128.03,-0.05,-0.02,28.18
266,206315.0832,-0.08,0.04,128.03,-0.08,0.04,28.18
267,206232.8207,0.1,-0.1,128.03,0.07,-0.04,28.18
268,206325.5737,0.01,0.07,128.03,0.03,0.04,28.18
269,206304.8094,0.01,-0.06,128.03,0.02,-0.03,28.18
270,206175.1451,-0.21,0.03,128.03,-0.1,0.01,28.18
271,206147.5614,-0.34,0.19,128.03,-0.25,0.14,28.18
272,206142.8939,0.33,-0.07,128.03,0.21,-0.03,28.18
273,206250.6712,-0.19,0.08,128.03,-0.14,0.06,28.18
274,206184.8809,0.14,-0.16,128.03,0.06,-0.1,28.18
275,206327.5776,0.04,-0.02,128.03,0.01,-0.01,28.18
276,206295.7068,0.05,0.02,128.03,0.03,0.03,28.18
277,206237.2944,-0.08,0.17,128.03,-0.06,0.12,28.18
278,206185.9669,-0.21,0.15,128.03,-0.17,0.09,28.18
279,206153.7857,-0.42,0.05,128.03,-0.29,0.05,28.18
280,206202.9510,0.09,-0.21,128.03,0.06,-0.13,28.18
281,206270.5433,0.11,0.1,128.03,0.07,0.06,28.18
282,206154.9374,-0.17,0.34,128.03,-0.13,0.24,28.18
283,206233.6105,-0.03,-0.14,128.03,-0.0,-0.1,28.18
284,206226.4800,0.08,-0.18,128.03,0.05,-0.11,28.18
285,206285.2881,0.08,-0.01,128.03,0.05,0.01,28.18
286,206312.5841,-0.09,-0.02,128.03,-0.11,-0.02,28.18
287,206161.2066,0.09,0.21,128.03,0.05,0.1,28.18
288,206231.0345,0.22,0.24,128.03,0.16,0.18,28.18
289,206213.9664,0.03,0.17,128.03,0.06,0.11,28.18
290,206171.1447,0.11,-0.3,128.03,0.06,-0.21,28.18
291,206248.9800,-0.19,0.06,128.03,-0.12,0.05,28.18
292,206279.2648,0.14,-0.01,128.03,0.1,-0.02,28.18
293,206223.9605,-0.16,0.01,128.03,-0.09,-0.01,28.18
294,206282.4246,0.13,-0.06,128.03,0.13,-0.06,28.18
295,206227.7153,0.18,-0.13,128.03,0.1,-0.11,28.18
296,206187.5492,0.05,-0.33,128.03,0.03,-0.26,28.18
297,206061.5418,-0.06,0.47,128.03,-0.01,0.32,28.18
298,206320.2480,0.05,0.07,128.03,0.06,0.06,28.18
299,206261.8388,0.17,-0.04,128.03,0.11,-0.01,28.18
300,206303.1679,0.0,-0.08,128.03,0.01,-0.03,28.18
301,206282.6839,-0.01,-0.21,128.03,0.0,-0.16,28.18
302,206325.9581,-0.01,-0.13,128.03,-0.0,-0.09,28.18
303,206273.4852,-0.07,0.15,128.03,-0.05,0.12,28.18
304,206229.8019,0.1,-0.23,128.03,0.06,-0.15,28.18
305,206139.6250,-0.21,-0.18,128.03,-0.14,-0.12,28.18
306,206270.8549,0.08,-0.13,128.03,0.03,-0.1,28.18
307,206294.3875,0.01,0.08,128.03,-0.02,0.05,28.18
308,206258.8866,-0.09,-0.07,128.03,-0.05,-0.05,28.18
309,206228.0086,0.12,0.1,128.03,0.06,0.07,28.18
310,206285.8592,0.02,0.03,128.03,0.05,0.05,28.18
311,206285.0583,0.01,-0.04,128.03,0.05,-0.03,28.18
312,206132.1379,0.07,-0.25,128.03,0.03,-0.15,28.18
313,206139.7536,-0.15,-0.32,128.03,-0.11,-0.25,28.18
314,206129.0664,0.18,0.14,128.03,0.1,0.04,28.18
315,206267.4635,-0.03,0.14,128.03,-0.03,0.09,28.18
316,206171.6129,-0.24,0.17,128.03,-0.15,0.13,28.18
317,206222.3853,0.12,-0.06,128.03,0.03,-0.04,28.18
318,206160.6777,-0.18,-0.22,128.03,-0.14,-0.15,28.18
319,206209.1954,0.12,-0.13,128.03,0.06,-0.08,28.18
320,206348.1365,-0.01,0.03,128.03,0.01,0.04,28.18
321,206321.6616,-0.06,-0.01,128.03,-0.07,-0.01,28.18
322,206216.3661,0.09,-0.08,128.03,0.05,-0.03,28.18
323,206279.3798,0.01,0.12,128.03,-0.01,0.09,28.18
324,206183.9559,0.23,0.09,128.03,0.15,0.09,28.18
325,206293.5201,0.08,0.03,128.03,0.07,0.06,28.18
326,206107.1810,0.25,-0.33,128.03,0.17,-0.21,28.18
327,206082.1240,0.09,-0.43,128.03,0.06,-0.3,28.18
328,206196.4225,-0.12,0.2,128.03,-0.08,0.1,28.18
329,206192.2989,-0.26,0.21,128.03,-0.2,0.16,28.18
330,206312.6976,-0.04,-0.02,128.03,-0.03,0.01,28.18
331,206306.3680,0.06,0.12,128.03,0.07,0.12,28.18
332,206169.0541,0.22,0.17,128.03,0.15,0.11,28.18
333,206290.3365,0.14,0.01,128.03,0.09,-0.01,28.18
334,206307.4886,0.06,-0.05,128.03,0.06,0.0,28.18
335,206246.6208,-0.08,0.17,128.03,-0.07,0.11,28.18
336,206153.0761,-0.18,-0.17,128.03,-0.11,-0.13,28.18
337,206333.8318,-0.01,-0.01,128.03,-0.0,-0.02,28.18
338,206344.9646,-0.07,0.0,128.03,-0.05,-0.0,28.18
339,206204.8157,0.01,0.32,128.03,0.0,0.22,28.18
340,206297.9310,0.09,-0.07,128.03,0.09,-0.06,28.18
341,206200.1199,0.01,0.32,128.03,0.02,0.21,28.18
342,206203.0179,0.36,0.02,128.03,0.27,0.02,28.18
343,206176.4847,-0.14,-0.18,128.03,-0.06,-0.15,28.18
344,206311.0290,-0.11,-0.06,128.03,-0.08,-0.03,28.18
345,206240.9379,-0.17,0.12,128.03,-0.13,0.09,28.18
346,206172.3598,0.21,0.13,128.03,0.14,0.08,28.18
347,206222.1662,-0.17,0.15,128.03,-0.1,0.13,28.18
348,206312.4970,-0.13,0.03,128.03,-0.12,0.02,28.18
349,206181.4776,-0.18,0.22,128.03,-0.14,0.13,28.18
350,206176.9697,-0.13,0.15,128.03,-0.09,0.07,28.18
351,206222.5635,0.26,-0.01,128.03,0.18,-0.0,28.18
352,206276.6182,-0.13,-0.01,128.03,-0.07,-0.02,28.18
353,206257.4378,0.13,0.06,128.03,0.09,0.04,28.18
354,206212.0939,0.22,0.02,128.03,0.14,-0.0,28.18
355,206296.9313,-0.1,-0.03,128.03,-0.08,-0.01,28.18
356,206281.6427,0.12,-0.14,128.03,0.07,-0.1,28.18
357,206208.3481,-0.14,-0.16,128.03,-0.09,-0.09,28.18
358,206307.6832,0.0,0.01,128.03,-0.03,0.02,28.18
359,206194.9036,-0.16,0.14,128.03,-0.11,0.1,28.18
360,206308.2717,0.07,-0.07,128.03,0.06,-0.05,28.18
361,206182.6844,0.12,0.24,128.03,0.1,0.17,28.18
362,206311.1285,0.04,0.05,128.03,0.07,0.04,28.18
363,206284.5893,0.12,0.05,128.03,0.11,0.03,28.18
364,206201.8128,-0.27,0.02,128.03,-0.16,0.02,28.18
365,206245.9026,0.2,-0.05,128.03,0.16,-0.02,28.18
366,206247.2247,0.05,0.09,128.03,-0.01,0.06,28.18
367,206295.6140,-0.05,0.02,128.03,-0.03,-0.03,28.18
368,206151.4954,-0.08,-0.22,128.03,-0.03,-0.13,28.18
369,206253.4773,-0.07,-0.1,128.03,-0.02,-0.12,28.18
370,206267.3063,-0.03,-0.19,128.03,0.01,-0.15,28.18
371,206305.7073,-0.09,0.03,128.03,-0.05,0.01,28.18
372,206243.1197,-0.21,-0.14,128.03,-0.15,-0.11,28.18
373,206257.4857,0.14,-0.07,128.03,0.09,-0.07,28.18
374,206235.0539,0.15,0.05,128.03,0.08,0.04,28.18
375,206305.4642,-0.02,-0.13,128.03,0.01,-0.11,28.18
376,206327.4292,-0.06,0.07,128.03,-0.05,0.08,28.18
377,206156.5627,0.12,-0.25,128.03,0.08,-0.16,28.18
378,206141.8503,-0.27,-0.26,128.03,-0.19,-0.22,28.18
379,206234.7971,0.08,0.09,128.03,0.08,0.03,28.18
380,206327.5032,-0.0,0.05,128.03,0.03,0.04,28.18
381,206151.1706,-0.02,0.33,128.03,-0.01,0.21,28.18
382,206291.5895,-0.15,0.02,128.03,-0.13,-0.01,28.18
383,206313.9094,0.08,0.07,128.03,0.07,0.05,28.18
384,206301.0881,-0.04,0.09,128.03,-0.0,0.07,28.18
385,206289.2038,0.03,0.11,128.03,-0.0,0.07,28.18
386,206155.7038,-0.1,-0.27,128.03,-0.05,-0.17,28.18
387,206238.8951,0.05,-0.11,128.03,0.07,-0.04,28.18
388,206293.0661,0.05,-0.15,128.03,0.05,-0.16,28.18
389,206230.7747,-0.16,0.11,128.03,-0.12,0.07,28.18
390,206298.1415,-0.08,0.03,128.03,-0.08,0.04,28.18
391,206223.5174,0.1,0.07,128.03,0.04,0.02,28.18
392,206242.5662,0.09,-0.14,128.03,0.08,-0.08,28.18
393,206240.9160,-0.01,-0.11,128.03,0.02,-0.05,28.18
394,206180.6578,0.2,-0.27,128.03,0.12,-0.19,28.18
395,206282.9959,0.12,0.0,128.03,0.07,0.02,28.18
396,206308.5754,-0.04,0.13,128.03,-0.06,0.11,28.18
397,206230.7700,0.11,0.23,128.03,0.09,0.18,28.18
398,206271.8570,-0.02,-0.02,128.03,0.03,0.01,28.18
399,206273.6442,0.11,-0.09,128.03,0.09,-0.05,28.18
400,206316.0656,-0.03,0.01,128.03,-0.0,-0.02,28.18
401,206283.6598,0.08,-0.11,128.03,0.08,-0.09,28.18
402,206264.8566,0.1,-0.12,128.03,0.06,-0.1,28.18
403,206313.8663,0.0,-0.05,128.03,-0.0,-0.01,28.18
404,206311.4675,-0.05,0.18,128.03,-0.03,0.16,28.18
405,206191.1877,0.15,0.28,128.03,0.11,0.2,28.18
406,206199.6258,0.08,0.25,128.03,0.04,0.15,28.18
407,206305.5993,-0.03,-0.04,128.03,-0.03,-0.0,28.18
408,206338.7966,-0.01,-0.03,128.03,-0.02,-0.01,28.18
409,206212.6633,-0.05,0.21,128.03,-0.05,0.13,28.18
410,206277.9137,0.03,-0.1,128.03,0.04,-0.07,28.18
411,206278.5793,0.17,0.04,128.03,0.13,0.06,28.18
412,206316.8468,0.02,0.1,128.03,-0.0,0.09,28.18
413,206266.6620,0.04,0.24,128.03,0.01,0.18,28.18
414,206167.5402,-0.39,0.06,128.03,-0.27,0.08,28.18
415,206268.9251,-0.06,-0.22,128.03,-0.05,-0.17,28.18
416,206329.5881,-0.08,-0.02,128.03,-0.06,-0.01,28.18
417,206303.1669,-0.05,-0.01,128.03,-0.02,-0.01,28.18
418,206227.3052,-0.03,-0.16,128.03,-0.01,-0.11,28.18
419,206326.6210,0.1,0.01,128.03,0.08,-0.0,28.18
420,206305.3846,0.06,0.01,128.03,0.05,0.03,28.18
421,206320.5105,0.11,-0.06,128.03,0.07,-0.06,28.18
422,206248.4487,-0.09,0.16,128.03,-0.1,0.1,28.18
423,206242.6959,-0.07,-0.03,128.03,0.01,-0.04,28.18
424,206162.1283,0.29,-0.14,128.03,0.2,-0.08,28.18
425,206285.4552,0.04,-0.0,128.03,0.03,0.04,28.18
426,206267.0349,-0.04,0.19,128.03,0.0,0.15,28.18
427,206192.4459,-0.21,0.15,128.03,-0.13,0.1,28.18
428,206212.0126,-0.2,-0.19,128.03,-0.15,-0.15,28.18
429,206276.0388,-0.08,0.12,128.03,-0.06,0.09,28.18
430,206255.8161,-0.14,-0.03,128.03,-0.1,-0.01,28.18
431,206215.3278,-0.13,0.08,128.03,-0.07,0.04,28.18
432,206245.3615,0.18,0.04,128.03,0.14,0.02,28.18
433,206242.8394,-0.02,-0.19,128.03,-0.01,-0.14,28.18
434,206231.7615,0.11,-0.18,128.03,0.1,-0.12,28.18
435,206195.8049,0.27,-0.01,128.03,0.19,-0.0,28.18
436,206294.1740,-0.12,0.12,128.03,-0.06,0.09,28.18
437,206240.8868,0.02,0.1,128.03,-0.02,0.07,28.18
438,206242.9561,-0.21,-0.18,128.03,-0.16,-0.15,28.18
439,206246.4224,0.06,0.22,128.03,0.02,0.15,28.18
440,206324.8125,-0.05,-0.01,128.03,-0.04,-0.03,28.18
441,206255.6500,-0.17,-0.16,128.03,-0.12,-0.15,28.18
442,206282.1776,-0.05,0.13,128.03,-0.02,0.12,28.18
443,206304.3374,-0.02,0.04,128.03,-0.0,0.02,28.18
444,206223.1446,0.08,-0.11,128.03,0.06,-0.05,28.18
445,206228.8351,-0.09,-0.13,128.03,-0.08,-0.06,28.18
446,206236.4094,-0.22,-0.03,128.03,-0.16,-0.04,28.18
447,206292.7752,0.14,-0.11,128.03,0.13,-0.09,28.18
448,206257.8768,0.19,-0.03,128.03,0.15,-0.02,28.18
449,206234.8386,-0.06,-0.21,128.03,-0.03,-0.14,28.18
450,206282.9155,0.18,-0.12,128.03,0.14,-0.13,28.18
451,206239.3838,0.09,0.14,128.03,0.08,0.09,28.18
452,206154.1593,0.19,-0.13,128.03,0.11,-0.06,28.18
453,206115.7593,-0.11,0.35,128.03,-0.05,0.25,28.18
454,206220.7828,0.06,-0.13,128.03,0.06,-0.04,28.18
455,206305.3233,0.04,-0.05,128.03,0.07,-0.01,28.18
456,206202.1827,-0.13,-0.23,128.03,-0.09,-0.18,28.18
457,206299.0314,0.01,0.14,128.03,0.02,0.12,28.18
458,206315.0823,-0.01,-0.0,128.03,-0.03,-0.0,28.18
459,206198.3938,-0.06,-0.34,128.03,-0.05,-0.25,28.18
460,206274.9205,0.06,-0.02,128.03,0.03,-0.04,28.18
461,206272.4014,0.06,-0.02,128.03,0.01,0.0,28.18
462,206207.3395,-0.26,-0.02,128.03,-0.19,0.03,28.18
463,206258.9529,-0.1,-0.1,128.03,-0.1,-0.08,28.18
464,206193.8727,0.31,0.11,128.03,0.24,0.07,28.18
465,206207.2737,0.23,0.05,128.03,0.16,0.05,28.18
466,206096.7833,0.37,0.14,128.03,0.24,0.08,28.18
467,206319.4076,0.13,0.02,128.03,0.1,0.02,28.18
468,206327.8385,-0.04,0.07,128.03,-0.02,0.04,28.18
469,206256.9767,0.17,-0.06,128.03,0.13,-0.02,28.18
470,206298.3762,-0.03,0.1,128.03,-0.01,0.09,28.18
471,206307.9157,0.01,0.1,128.03,-0.01,0.1,28.18
472,206172.5137,-0.3,0.06,128.03,-0.21,0.02,28.18
473,206274.5106,-0.11,-0.19,128.03,-0.09,-0.17,28.18
474,206234.3228,0.17,0.2,128.03,0.12,0.19,28.18
475,206242.1192,0.07,-0.2,128.03,0.05,-0.15,28.18
476,206169.4191,0.09,-0.3,128.03,0.06,-0.2,28.18
477,206301.8115,0.15,-0.0,128.03,0.14,0.01,28.18
478,206310.9281,-0.1,-0.11,128.03,-0.07,-0.08,28.18
479,206274.5102,-0.13,-0.08,128.03,-0.12,-0.07,28.18
480,206090.0945,-0.2,0.29,128.03,-0.14,0.16,28.18
481,206170.8114,-0.19,-0.11,128.03,-0.11,-0.05,28.18
482,206130.2310,-0.22,0.27,128.03,-0.14,0.21,28.18
483,206329.7624,-0.02,0.01,128.03,-0.0,0.02,28.18
484,206233.7415,-0.15,0.2,128.03,-0.12,0.15,28.18
485,206203.0372,0.18,-0.07,128.03,0.1,-0.02,28.18
486,206177.0763,0.13,0.22,128.03,0.09,0.14,28.18
487,206239.8153,0.01,0.25,128.03,0.01,0.17,28.18
488,206299.3692,-0.01,-0.07,128.03,-0.0,-0.05,28.18
489,206282.0942,-0.19,-0.03,128.03,-0.13,-0.01,28.18
490,206180.7445,-0.01,-0.31,128.03,0.0,-0.2,28.18
491,206268.8095,0.11,-0.02,128.03,0.05,-0.04,28.18
492,206194.8198,-0.09,0.26,128.03,-0.07,0.18,28.18
493,206224.3320,0.09,0.13,128.03,0.04,0.1,28.18
494,206087.8482,-0.36,-0.2,128.03,-0.23,-0.15,28.18
495,206304.5916,-0.04,0.04,128.03,-0.03,-0.0,28.18
496,206267.6066,0.12,0.06,128.03,0.07,0.01,28.18
497,206306.9410,-0.17,-0.01,128.03,-0.16,-0.03,28.18
498,206278.5520,0.12,0.07,128.03,0.11,0.05,28.18
499,206296.2275,-0.03,-0.15,128.03,-0.03,-0.13,28.18
500,206182.3513,0.05,-0.31,128.03,0.04,-0.2,28.18
